FEVM

Mass: 4.652332948098224e-11

Momentum: 2.2692674862909244e-09

Energy: 1.1299261583914023e-13

G: 3.399066502929901e-07


FDVM

Mass: 4.209945917125471e-11

Momentum: 5.626108632340307e-09

Energy: 1.1299261583914023e-13

G: 3.357069952711662e-07

